-9.992266031893e-01 2.586313331595e-02 2.961914606829e-02 -8.856498275418e-02 3.363867272727e-02 1.721684102446e-01 9.844930056689e-01 5.354143842123e-01 2.036259256285e-02 9.847279506792e-01 -1.729052572225e-01 -7.423400880000e-03
-9.992361739421e-01 2.457414816094e-02 3.038387611570e-02 -1.914515688550e-01 3.419220912659e-02 1.733671816546e-01 9.842635384693e-01 1.121364647988e+00 1.891987105383e-02 9.845506241770e-01 -1.740750036967e-01 -1.296997070000e-02
-9.992547086287e-01 2.345557422637e-02 3.065719036571e-02 -2.896318646381e-01 3.429788832749e-02 1.751010426915e-01 9.839528849008e-01 1.651981826406e+00 1.771107392801e-02 9.842710301975e-01 -1.757750180608e-01 -1.202392578000e-02
-9.992136666704e-01 2.202978569856e-02 3.296569248604e-02 -3.872865163721e-01 3.635042964081e-02 1.769700808976e-01 9.835447304175e-01 2.181823935825e+00 1.583333836994e-02 9.839696535001e-01 -1.776317155997e-01 -1.226806640000e-02
-9.991483613334e-01 2.032392192109e-02 3.590947288008e-02 -4.945071529364e-01 3.896654090305e-02 1.785354991808e-01 9.831615758472e-01 2.769884770736e+00 1.357058343737e-02 9.837235453775e-01 -1.791754043812e-01 -1.582336425000e-02
-9.991147615638e-01 1.963410289946e-02 3.720477427293e-02 -5.961086081807e-01 4.013402526690e-02 1.798236252218e-01 9.828798114866e-01 3.311259693466e+00 1.260766597121e-02 9.835029058500e-01 -1.804524340189e-01 -1.697540283000e-02
-9.990944537450e-01 2.045527834946e-02 3.730756067590e-02 -7.108719460666e-01 4.040240249775e-02 1.812231106677e-01 9.826117392095e-01 3.912316205446e+00 1.333860443787e-02 9.832292539116e-01 -1.818854471476e-01 -1.368713379000e-02
-9.990850883242e-01 2.033719858836e-02 3.762159807616e-02 -8.186954471748e-01 4.070424457918e-02 1.823054168192e-01 9.823990530694e-01 4.464126334526e+00 1.312062351661e-02 9.830316034350e-01 -1.829664337702e-01 -6.401062009999e-03
-9.991418769773e-01 1.764260224877e-02 3.747330057737e-02 -9.383370915893e-01 4.007907237890e-02 1.835844864569e-01 9.821865425109e-01 5.081078744493e+00 1.044880986128e-02 9.828456007524e-01 -1.841340475149e-01 -4.096984859999e-03
-9.992394773848e-01 1.367808762934e-02 3.651543173254e-02 -1.051173276617e+00 3.841568567542e-02 1.847545318408e-01 9.820336033244e-01 5.649260878097e+00 6.685950186519e-03 9.826895099079e-01 -1.851394749561e-01 -3.967285149997e-03
-9.993132510332e-01 9.778589928952e-03 3.574080984620e-02 -1.165557706496e+00 3.693643484207e-02 1.859833311110e-01 9.818583911797e-01 6.228106155526e+00 2.953995703844e-03 9.825042390381e-01 -1.862167935003e-01 -7.377624509999e-03
-9.993715666922e-01 8.820394299085e-03 3.433179767413e-02 -1.294504885096e+00 3.537652887681e-02 1.872537181156e-01 9.816743585612e-01 6.877037771977e+00 2.229998151739e-03 9.822719815287e-01 -1.874480765757e-01 -7.865905759999e-03
-9.994187288088e-01 1.438225167989e-02 3.090882305890e-02 -1.415603283211e+00 3.306583255681e-02 1.882682646099e-01 9.815608545873e-01 7.481707996689e+00 8.297904771368e-03 9.820123275079e-01 -1.886343908173e-01 -2.670288079997e-03
-9.992932922144e-01 2.512025485765e-02 2.796227693148e-02 -1.552245246829e+00 3.221437811284e-02 1.890176316015e-01 9.814451430348e-01 8.162032569293e+00 1.936878876206e-02 9.816523354730e-01 -1.896932847579e-01 8.041381840002e-03
-9.991618013667e-01 3.181648454884e-02 2.575666904909e-02 -1.678741474636e+00 3.133698882872e-02 1.896641117281e-01 9.813488257768e-01 8.793643739540e+00 2.633795399608e-02 9.813333969826e-01 -1.905021683497e-01 1.564788819000e-02
-9.992184675029e-01 3.183449249760e-02 2.343116063022e-02 -1.808811018826e+00 2.909146821447e-02 1.909506350955e-01 9.811684572151e-01 9.435772578698e+00 2.676080488673e-02 9.810832890454e-01 -1.917275130954e-01 1.456451416000e-02
-9.994634046023e-01 2.376728483741e-02 2.253927754468e-02 -1.957800155389e+00 2.668801532354e-02 1.919289062786e-01 9.810458933061e-01 1.015652247518e+01 1.899085829732e-02 9.811209971793e-01 -1.924602197728e-01 -4.730224610000e-03
-9.995589337312e-01 1.692334052165e-02 2.440365840684e-02 -2.093859165325e+00 2.721171499403e-02 1.928250433715e-01 9.808557616774e-01 1.082793278340e+01 1.189371956677e-02 9.810872046838e-01 -1.932005078682e-01 -2.723693847000e-02
-9.994834089732e-01 1.816300817432e-02 2.651453038194e-02 -2.242673541768e+00 2.953933291405e-02 1.941122169595e-01 9.805344843697e-01 1.158795044525e+01 1.266266158073e-02 9.808111705936e-01 -1.945484634752e-01 -4.196929931000e-02
-9.992904950718e-01 2.762652223934e-02 2.559847120645e-02 -2.376784532564e+00 3.049081511142e-02 1.944269246867e-01 9.804430024998e-01 1.229767840868e+01 2.210919837962e-02 9.805278916104e-01 -1.951313330072e-01 -4.697418213000e-02
-9.990596317022e-01 3.576934624354e-02 2.450318698303e-02 -2.529597966233e+00 3.101877421089e-02 1.947993116912e-01 9.803525201738e-01 1.309673666814e+01 3.029336477628e-02 9.801906865676e-01 -1.957256498688e-01 -5.666351318000e-02
-9.989462646954e-01 3.857980909213e-02 2.485877272766e-02 -2.673951203935e+00 3.193119755140e-02 1.951738596916e-01 9.802487251285e-01 1.383775057644e+01 3.296602605781e-02 9.800095728224e-01 -1.962000976107e-01 -7.164001465000e-02
-9.989056412060e-01 3.813137716438e-02 2.708353821631e-02 -2.819742590422e+00 3.403188838870e-02 1.953482171643e-01 9.801433082072e-01 1.459385598358e+01 3.208349325534e-02 9.799923837083e-01 -1.964321188967e-01 -9.381866455000e-02
-9.989663751829e-01 3.551232038603e-02 2.837351502154e-02 -2.987557325512e+00 3.477306931651e-02 1.950296112609e-01 9.801807406707e-01 1.544612944312e+01 2.927481689416e-02 9.801542357365e-01 -1.960628961930e-01 -1.224441528300e-01
-9.991379498807e-01 3.182373389184e-02 2.665721420830e-02 -3.136050198693e+00 3.235239618668e-02 1.945334751668e-01 9.803622032190e-01 1.623277177289e+01 2.601306535465e-02 9.803795066201e-01 -1.953953516084e-01 -1.495971679700e-01
-9.991776951013e-01 2.682179022030e-02 3.040600568056e-02 -3.300118688494e+00 3.503052443566e-02 1.934703838274e-01 9.804805316473e-01 1.711584534729e+01 2.041558154526e-02 9.807394160281e-01 -1.942508735608e-01 -1.748580932600e-01
-9.991838245946e-01 2.148949892988e-02 3.420359782742e-02 -3.446290106745e+00 3.771210179514e-02 1.928725247275e-01 9.804988457838e-01 1.793200002331e+01 1.447349462948e-02 9.809884763039e-01 -1.935255210876e-01 -1.927490234300e-01
-9.992789607691e-01 1.533280642765e-02 3.473418505359e-02 -3.619702164666e+00 3.703223024258e-02 1.917603264647e-01 9.807428771688e-01 1.885114774108e+01 8.376902025564e-03 9.813220074171e-01 -1.921898677643e-01 -2.128677368100e-01
-9.993305528375e-01 1.421312578953e-02 3.371102521141e-02 -3.777283349540e+00 3.581133789267e-02 1.915602335853e-01 9.808273165992e-01 1.970112065412e+01 7.482930164738e-03 9.813779414497e-01 -1.919409851806e-01 -2.213668823200e-01
-9.993381472961e-01 1.475713537636e-02 3.324897463621e-02 -3.939415968256e+00 3.546439869675e-02 1.918174662934e-01 9.807896492367e-01 2.056916592736e+01 8.095911557945e-03 9.813196658481e-01 -1.922138643173e-01 -2.237091064400e-01
-9.993921604161e-01 1.351349264567e-02 3.213557554107e-02 -4.120142779662e+00 3.413251031794e-02 1.918009913203e-01 9.808401253354e-01 2.154111179058e+01 7.090940574874e-03 9.813407997455e-01 -1.921456565127e-01 -2.257766723600e-01
-9.994899858178e-01 1.093239235070e-02 3.000418383282e-02 -4.290864710696e+00 3.154437619748e-02 1.917096639210e-01 9.809446248844e-01 2.243959934823e+01 4.971979514736e-03 9.813907924761e-01 -1.919567447706e-01 -2.290573120100e-01
-9.996041232536e-01 9.358448213896e-03 2.653330400459e-02 -4.476287218858e+00 2.783617078248e-02 1.917974699349e-01 9.810396924298e-01 2.344884028332e+01 4.091988580285e-03 9.813899072100e-01 -1.919820451393e-01 -2.318038940400e-01
-9.996497170279e-01 9.192216349081e-03 2.481826755987e-02 -4.651283184183e+00 2.612079163922e-02 1.917333958870e-01 9.810993880060e-01 2.437006625952e+01 4.259987115216e-03 9.814039983922e-01 -1.919063429112e-01 -2.315216064400e-01
-9.996716024004e-01 9.136247605131e-03 2.394193671902e-02 -4.845665500266e+00 2.525107495514e-02 1.919790378261e-01 9.810741216896e-01 2.538913988834e+01 4.366986119730e-03 9.813564989417e-01 -1.921466924440e-01 -2.309036254800e-01
-9.996728840907e-01 9.026496919478e-03 2.393004737179e-02 -5.024436806911e+00 2.521909741293e-02 1.921586427675e-01 9.810397816273e-01 2.632326929132e+01 4.256987142418e-03 9.813223621028e-01 -1.923234247235e-01 -2.299499511700e-01
-9.996857931674e-01 9.947229415201e-03 2.300798918263e-02 -5.205077373073e+00 2.449320246692e-02 1.925053014922e-01 9.809902099054e-01 2.726339811226e+01 5.328974777665e-03 9.812455154162e-01 -1.926884545152e-01 -2.268524169900e-01
-9.996897718546e-01 1.177631826835e-02 2.194717242360e-02 -5.405876150471e+00 2.380711251636e-02 1.928255875244e-01 9.809441952474e-01 2.830640385719e+01 7.319934629647e-03 9.811623775522e-01 -1.930461277340e-01 -2.235717773400e-01
-9.996941782040e-01 1.290255031556e-02 2.109678317559e-02 -5.590516692959e+00 2.319306601737e-02 1.931631049818e-01 9.808925000032e-01 2.926208777027e+01 8.580894692123e-03 9.810818207821e-01 -1.934032811954e-01 -2.214279174800e-01
-9.996986762360e-01 1.213843201689e-02 2.133577278325e-02 -5.795153469546e+00 2.328019114655e-02 1.932164783287e-01 9.808799239471e-01 3.032145538600e+01 7.783921393960e-03 9.810810623850e-01 -1.934408426297e-01 -2.213897705000e-01
-9.997310310755e-01 1.081288168380e-02 2.051699525570e-02 -5.983680346515e+00 2.222168103026e-02 1.934033036112e-01 9.808676562332e-01 3.129149793973e+01 6.637951251693e-03 9.810597554390e-01 -1.935915645404e-01 -2.235717773400e-01
-9.997225824259e-01 1.146805870682e-02 2.057284173726e-02 -6.173770198831e+00 2.240553382995e-02 1.937014396017e-01 9.808046412768e-01 3.226723936293e+01 7.262936144878e-03 9.809934943340e-01 -1.939046513956e-01 -2.218170166000e-01
-9.996790349144e-01 1.445049016673e-02 2.080890402059e-02 -6.383723258157e+00 2.322272122479e-02 1.943897723938e-01 9.806494386923e-01 3.335056509823e+01 1.012582695451e-02 9.808179238384e-01 -1.946629597685e-01 -2.188339233400e-01
-9.996426445457e-01 1.772991228110e-02 2.000583455344e-02 -6.577087497222e+00 2.307785012950e-02 1.947030269250e-01 9.805907118363e-01 3.434237495065e+01 1.349059076080e-02 9.807019840485e-01 -1.950426169948e-01 -2.168579101500e-01
-9.996054589095e-01 2.033823710376e-02 1.937221282611e-02 -6.792300427216e+00 2.297397766645e-02 1.952330389008e-01 9.804877647741e-01 3.544194059912e+01 1.615929665703e-02 9.805459788470e-01 -1.956232616497e-01 -2.181625366200e-01
-9.995932880029e-01 2.097200739986e-02 1.932442716090e-02 -6.991176239797e+00 2.305970854342e-02 1.957339814284e-01 9.803858721728e-01 3.644428795064e+01 1.677821269890e-02 9.804327531350e-01 -1.961379824481e-01 -2.211685180600e-01
-9.996064116158e-01 1.950088715547e-02 2.016772809946e-02 -7.203277373221e+00 2.360409345642e-02 1.961168103439e-01 9.802964059266e-01 3.755629272107e+01 1.516141908414e-02 9.803866135870e-01 -1.964999218083e-01 -2.344818115200e-01
-9.996159840793e-01 1.915651306259e-02 2.002279651960e-02 -7.390346781816e+00 2.339928494514e-02 1.964476438799e-01 9.802350721526e-01 3.857081989152e+01 1.484445476394e-02 9.803271654001e-01 -1.968204535647e-01 -2.487335205000e-01
-9.995982783906e-01 1.997842142736e-02 2.010334588383e-02 -7.586631896789e+00 2.364790829761e-02 1.969374649185e-01 9.801308133839e-01 3.958599536214e+01 1.562236446899e-02 9.802124757361e-01 -1.973307987610e-01 -2.540588378900e-01
-9.995586609109e-01 2.217562415609e-02 1.976676734351e-02 -7.805500317365e+00 2.376598543855e-02 1.977246914641e-01 9.799694507083e-01 4.070037410641e+01 1.782305624912e-02 9.800067285885e-01 -1.981644533897e-01 -2.551422119100e-01
-9.995159329114e-01 2.440554368618e-02 1.929428137131e-02 -8.007051781751e+00 2.375596879027e-02 1.982649786003e-01 9.798605269157e-01 4.171264127688e+01 2.008864861282e-02 9.798445630293e-01 -1.987487823834e-01 -2.562332153300e-01
-9.995418545364e-01 2.455072055253e-02 1.770150135609e-02 -8.229424980702e+00 2.223447669182e-02 1.987948115168e-01 9.797888808107e-01 4.282342758821e+01 2.053555638761e-02 9.797335785990e-01 -1.992496069996e-01 -2.593460083000e-01
-9.996318095180e-01 2.057251133293e-02 1.769229146598e-02 -8.436167405220e+00 2.143939089059e-02 1.991932198497e-01 9.797256828746e-01 4.382857654104e+01 1.663123321047e-02 9.797442691557e-01 -1.995609409142e-01 -2.736968994100e-01
-9.997302326023e-01 1.577956577611e-02 1.704310197035e-02 -8.666971237049e+00 1.984825206452e-02 1.993214565133e-01 9.797331288996e-01 4.493135823077e+01 1.206270744227e-02 9.798071046269e-01 -1.995808828817e-01 -2.935409545900e-01
-9.997507051864e-01 1.513881508509e-02 1.641169574277e-02 -8.875848077820e+00 1.910356154637e-02 1.994895694271e-01 9.797137161569e-01 4.593943351321e+01 1.155774266793e-02 9.797830004484e-01 -1.997290429978e-01 -3.022689819300e-01
-9.997165887786e-01 1.774794793127e-02 1.586670933566e-02 -9.083563650958e+00 1.908790841905e-02 1.992919359862e-01 9.797542426563e-01 4.695075497078e+01 1.422652006287e-02 9.797794316044e-01 -1.995742256200e-01 -3.074874877900e-01
-9.996954368009e-01 1.992830846189e-02 1.455665350298e-02 -9.311915809405e+00 1.823646722173e-02 1.991259113675e-01 9.798042165072e-01 4.806336999219e+01 1.662723376358e-02 9.797712661351e-01 -1.994286868870e-01 -3.164672851500e-01
-9.996322187310e-01 2.159578384141e-02 1.640272523803e-02 -9.517063900712e+00 2.037632566920e-02 1.990045620071e-01 9.797867062032e-01 4.907681894861e+01 1.789504476614e-02 9.797605862764e-01 -1.993714145814e-01 -3.272018432600e-01
-9.996460902988e-01 2.163661877048e-02 1.547743126044e-02 -9.744080637349e+00 1.947156926693e-02 1.986815735386e-01 9.798706497934e-01 5.018983615423e+01 1.812600729681e-02 9.798252339394e-01 -1.990325571234e-01 -3.400268554700e-01
-9.996509486364e-01 1.932516663357e-02 1.801440603887e-02 -9.950594012858e+00 2.149080707809e-02 1.982174319670e-01 9.799224432962e-01 5.120179892750e+01 1.536639520124e-02 9.799675441559e-01 -1.985635573299e-01 -3.571548461900e-01
-9.997110416223e-01 1.670906482888e-02 1.728121555621e-02 -1.015764893778e+01 2.025191677486e-02 1.981667226239e-01 9.799590858354e-01 5.220990685793e+01 1.294963804514e-02 9.800258961870e-01 -1.984478512795e-01 -3.758087158200e-01
-9.997163067099e-01 1.482406209633e-02 1.864278094022e-02 -1.038581186114e+01 2.121116373953e-02 1.980515038461e-01 9.799620851631e-01 5.332188306609e+01 1.083478800142e-02 9.800795115741e-01 -1.983097535718e-01 -3.888244628900e-01
-9.997162579455e-01 1.222860024698e-02 2.044174492244e-02 -1.059761213139e+01 2.245940394640e-02 1.979986713990e-01 9.799449480959e-01 5.432625668496e+01 7.935916698589e-03 9.801260059096e-01 -1.982171379218e-01 -3.994293212900e-01
-9.996937656302e-01 1.002105098326e-02 2.262638939907e-02 -1.082648390008e+01 2.416230319953e-02 1.978243423938e-01 9.799396474582e-01 5.543657330377e+01 5.343974564078e-03 9.801862619389e-01 -1.980058934532e-01 -4.053649902300e-01
-9.996466327607e-01 1.218096626323e-02 2.362696914921e-02 -1.103755022690e+01 2.556953755710e-02 1.976422884077e-01 9.799406740115e-01 5.644363893196e+01 7.266936039318e-03 9.801985257558e-01 -1.978839097722e-01 -4.057159423800e-01
-9.995412846458e-01 1.875220050387e-02 2.378182635787e-02 -1.126641643629e+01 2.702118190660e-02 1.975496082800e-01 9.799204090112e-01 5.756180953607e+01 1.367757350643e-02 9.801135175298e-01 -1.979656958625e-01 -4.076766967700e-01
-9.994110677991e-01 2.470178900568e-02 2.381888285807e-02 -1.147694331489e+01 2.822987342984e-02 1.972291383149e-01 9.799508871600e-01 5.857830630103e+01 1.950876230883e-02 9.800461665756e-01 -1.978103121015e-01 -4.151763916000e-01
-9.993360235281e-01 2.642006859500e-02 2.508968023791e-02 -1.168428964738e+01 2.981203714165e-02 1.970399479200e-01 9.799420908223e-01 5.959686991852e+01 2.094646797125e-02 9.800394068093e-01 -1.976967540968e-01 -4.284744262700e-01
-9.993004835150e-01 2.369747344698e-02 2.893049254426e-02 -1.190887345397e+01 3.303390938815e-02 1.967175708472e-01 9.799035453301e-01 6.071576541662e+01 1.753010202934e-02 9.801737739157e-01 -1.973627838541e-01 -4.535522460900e-01
-9.992896223419e-01 2.095354645554e-02 3.132410526631e-02 -1.211050602014e+01 3.483834836755e-02 1.966510881348e-01 9.798543968460e-01 6.173396218428e+01 1.437150523851e-02 9.802496102658e-01 -1.972413785463e-01 -4.749755859300e-01
-9.994104517533e-01 1.659571398353e-02 3.005546878032e-02 -1.233493429888e+01 3.273639632418e-02 1.967807840034e-01 9.799008375355e-01 6.285393068613e+01 1.034781532178e-02 9.803070464525e-01 -1.972080561075e-01 -4.942092895500e-01
-9.994271262348e-01 1.228650626049e-02 3.153507745262e-02 -1.253929972427e+01 3.333725404760e-02 1.967468075299e-01 9.798874023169e-01 6.387494047638e+01 5.834966889130e-03 9.803773434197e-01 -1.970436948260e-01 -5.109481811500e-01
-9.995319325421e-01 1.069506395951e-02 2.866236967684e-02 -1.274387174926e+01 3.020504906116e-02 1.963194350058e-01 9.800746575900e-01 6.489797170926e+01 4.854980927135e-03 9.804816648188e-01 -1.965505891986e-01 -5.234985351500e-01
-9.996433888687e-01 1.357278178441e-02 2.299727561607e-02 -1.297261547402e+01 2.520735025431e-02 1.953687447154e-01 9.804058563072e-01 6.602507362235e+01 8.813885878834e-03 9.806359330470e-01 -1.956412079106e-01 -5.284423828100e-01
-9.996531928604e-01 1.571315843878e-02 2.113269163711e-02 -1.317787118058e+01 2.379623920700e-02 1.952615213367e-01 9.804624813244e-01 6.704928035103e+01 1.127976079333e-02 9.806253285211e-01 -1.955677173239e-01 -5.342788696300e-01
-9.996302098414e-01 1.616686515761e-02 2.186495011256e-02 -1.339972916874e+01 2.460486696064e-02 1.954033258490e-01 9.804142699742e-01 6.817293810006e+01 1.157774132975e-02 9.805897066144e-01 -1.957288511885e-01 -5.479965209900e-01
-9.995831160532e-01 1.730410596321e-02 2.311194535617e-02 -1.360080846830e+01 2.604803263310e-02 1.952044577781e-01 9.804166051529e-01 6.919626290258e+01 1.245367806220e-02 9.806099059159e-01 -1.955738180901e-01 -5.570526123000e-01
-9.995303425714e-01 1.899033460685e-02 2.405122597103e-02 -1.382161274552e+01 2.730296181053e-02 1.954679234186e-01 9.803299644460e-01 7.032044351380e+01 1.391555085372e-02 9.805262148999e-01 -1.958946128369e-01 -5.678329467700e-01
-9.994604410544e-01 2.102258955766e-02 2.523643191050e-02 -1.402407905657e+01 2.886744357547e-02 1.957010263386e-01 9.802386336966e-01 7.134040748747e+01 1.566835883876e-02 9.804382484472e-01 -1.962023025170e-01 -5.725936889600e-01
-9.993916434059e-01 2.322050836451e-02 2.602212677043e-02 -1.422868929768e+01 3.008077355679e-02 1.963255540710e-01 9.800772540371e-01 7.235456458991e+01 1.764908361892e-02 9.802637832798e-01 -1.969046089796e-01 -5.741653442400e-01
-9.993890207499e-01 2.222153373185e-02 2.697755813992e-02 -1.445271575928e+01 3.083093251061e-02 1.969191881649e-01 9.799348381056e-01 7.346852914104e+01 1.646325621240e-02 9.801678615273e-01 -1.974839852337e-01 -5.815200805600e-01
-9.994502708878e-01 1.850390765716e-02 2.750929704006e-02 -1.465845758060e+01 3.062473989317e-02 1.974307147396e-01 9.798383735004e-01 7.447544175293e+01 1.269965860559e-02 9.801421928878e-01 -1.978888586871e-01 -5.917434692400e-01
-9.994979808129e-01 1.604320959435e-02 2.732035462397e-02 -1.488523073460e+01 2.995992464611e-02 1.981305898315e-01 9.797176492685e-01 7.558334040502e+01 1.030481761445e-02 9.800443279765e-01 -1.985117778244e-01 -5.992889404300e-01
-9.995378792926e-01 1.718425894242e-02 2.507447115779e-02 -1.509534326883e+01 2.799137590089e-02 1.986552077813e-01 9.796696337524e-01 7.658569391398e+01 1.185372238657e-02 9.799187770759e-01 -1.990444161478e-01 -5.976257324200e-01
-9.995069854739e-01 2.087976226430e-02 2.344827321339e-02 -1.530453393748e+01 2.714228404782e-02 1.992078459108e-01 9.795813036927e-01 7.758859163104e+01 1.578234474249e-02 9.797347955724e-01 -1.996763579873e-01 -5.947341918900e-01
-9.994671489323e-01 2.492815098404e-02 2.107143786344e-02 -1.553471498680e+01 2.563495521626e-02 1.998557518033e-01 9.794899323332e-01 7.868785851216e+01 2.020562486477e-02 9.795081754430e-01 -2.003882904867e-01 -5.935592651300e-01
-9.994703410989e-01 2.585399147752e-02 1.976381512576e-02 -1.574225428991e+01 2.454792800448e-02 2.002613392944e-01 9.794349366929e-01 7.968543234700e+01 2.136437441940e-02 9.794013309715e-01 -2.007899310149e-01 -6.022338867200e-01
-9.995153254650e-01 2.352820295736e-02 2.038474493941e-02 -1.596954278613e+01 2.470005128307e-02 2.008212692986e-01 9.793164581809e-01 8.077650652220e+01 1.894786603450e-02 9.793453126772e-01 -2.013050841630e-01 -6.177978515600e-01
-9.995293082012e-01 2.255905664277e-02 2.079064717942e-02 -1.617450960970e+01 2.491342770658e-02 2.014146388769e-01 9.791891872187e-01 8.176328302873e+01 1.790204364480e-02 9.792462571843e-01 -2.018818580850e-01 -6.282424926700e-01
-9.995148417757e-01 2.287823686394e-02 2.113450610227e-02 -1.639786783489e+01 2.532412717818e-02 2.019205416575e-01 9.790744524496e-01 8.283656236622e+01 1.813200631074e-02 9.791346593471e-01 -2.024019496260e-01 -6.414794921800e-01
-9.994792598088e-01 2.332100664190e-02 2.230111793599e-02 -1.659756328212e+01 2.656841605029e-02 2.025548824324e-01 9.789104345503e-01 8.380046997312e+01 1.831197642433e-02 9.789931819232e-01 -2.030690061713e-01 -6.518325805600e-01
-9.994116036594e-01 2.503985875017e-02 2.344039131050e-02 -1.679591671925e+01 2.804485086595e-02 2.031160400549e-01 9.787529619942e-01 8.475107486499e+01 1.974671645932e-02 9.788344496115e-01 -2.036987664245e-01 -6.621093750000e-01
-9.993569721458e-01 2.768730767175e-02 2.278278335597e-02 -1.701253222278e+01 2.795130482921e-02 2.035873130764e-01 9.786577187723e-01 8.577656180132e+01 2.245811171714e-02 9.786652231219e-01 -2.042302971400e-01 -6.704788208000e-01
-9.993045183232e-01 2.914594031636e-02 2.325927388952e-02 -1.720626437489e+01 2.873692310376e-02 2.044456516034e-01 9.784560106571e-01 8.669088209886e+01 2.376276308263e-02 9.784439123954e-01 -2.051410280445e-01 -6.779022216800e-01
-9.992721126880e-01 2.939578291640e-02 2.431322172689e-02 -1.741803414084e+01 2.987114052012e-02 2.065440230787e-01 9.779812275777e-01 8.767292850371e+01 2.372677323272e-02 9.779956311135e-01 -2.072717678672e-01 -6.836318969700e-01
-9.992591586180e-01 2.905332137768e-02 2.523962034032e-02 -1.760554415185e+01 3.077891627552e-02 2.095911002513e-01 9.773045733078e-01 8.854605634743e+01 2.310394405514e-02 9.773573937984e-01 -2.103300562372e-01 -6.891632080000e-01
-9.992806201247e-01 2.820694580738e-02 2.534976235273e-02 -1.779251874960e+01 3.078257801351e-02 2.128504654437e-01 9.765997707614e-01 8.939659278421e+01 2.215118809370e-02 9.766775555774e-01 -2.135656276123e-01 -6.942749023400e-01
-9.992716729383e-01 2.816877183833e-02 2.574187165358e-02 -1.799441138736e+01 3.122940688548e-02 2.160388861944e-01 9.758852001119e-01 9.030988818593e+01 2.192824226176e-02 9.759783398954e-01 -2.167612332645e-01 -6.989669799800e-01
-9.992653429157e-01 2.947480992030e-02 2.449510211529e-02 -1.817964592215e+01 3.036702405093e-02 2.190345887757e-01 9.752444271926e-01 9.111652232707e+01 2.337986949849e-02 9.752718003203e-01 -2.197687357251e-01 -6.937408447200e-01
-9.992711627246e-01 3.025171032772e-02 2.328040741372e-02 -1.837874936126e+01 2.943104568007e-02 2.221833885955e-01 9.745605960547e-01 9.197727078106e+01 2.430960504159e-02 9.745354666991e-01 -2.229117925285e-01 -6.943969726500e-01
-9.992565038210e-01 3.156377467226e-02 2.213973124964e-02 -1.856010698818e+01 2.868453820385e-02 2.249497509022e-01 9.739480514057e-01 9.273606458725e+01 2.576114980741e-02 9.738589927179e-01 -2.256878939224e-01 -6.940917968700e-01
-9.992755340664e-01 3.212204185354e-02 2.041032688438e-02 -1.875417962763e+01 2.720299978411e-02 2.277982030139e-01 9.733282979069e-01 9.354286773223e+01 2.661585653541e-02 9.731783768307e-01 -2.285069868737e-01 -6.985092163100e-01
-9.993114699843e-01 3.224818003295e-02 1.834777486002e-02 -1.893031364481e+01 2.528797594770e-02 2.301300510578e-01 9.728312689632e-01 9.424960174970e+01 2.714966353788e-02 9.726254235237e-01 -2.307870908111e-01 -6.982345581000e-01
-9.993787055809e-01 3.103473911053e-02 1.670472387607e-02 -1.910082891060e+01 2.347872457089e-02 2.327345183577e-01 9.722568557009e-01 9.492845418630e+01 2.628597199951e-02 9.720450035534e-01 -2.333185777921e-01 -6.977996826100e-01
-9.995051776575e-01 2.714370675704e-02 1.589399318461e-02 -1.928231398307e+01 2.184466426738e-02 2.354334654900e-01 9.716449423377e-01 9.564458123874e+01 2.263206749085e-02 9.715113496562e-01 -2.359099129122e-01 -6.991729736300e-01
-9.996333684190e-01 2.293421160196e-02 1.439273015983e-02 -1.944148953049e+01 1.943832106835e-02 2.378193840411e-01 9.711148707791e-01 9.626695748372e+01 1.884888371498e-02 9.710385999086e-01 -2.381779945130e-01 -7.032089233400e-01
-9.997240785369e-01 1.967850545403e-02 1.282666038837e-02 -1.960877723526e+01 1.717894968030e-02 2.400935399704e-01 9.705977414729e-01 9.692009113403e+01 1.602031465060e-02 9.705502812774e-01 -2.403653490645e-01 -7.012939453100e-01
-9.997687978751e-01 1.815103101221e-02 1.152783017248e-02 -1.975464053790e+01 1.556565817689e-02 2.410687628202e-01 9.703832036252e-01 9.748633056181e+01 1.483445586505e-02 9.703382872306e-01 -2.412955599543e-01 -6.954421997000e-01
-9.997953429215e-01 1.805316794749e-02 9.129917822666e-03 -1.989660303073e+01 1.320506486671e-02 2.404650885418e-01 9.705679612755e-01 9.802857515030e+01 1.532639991175e-02 9.704898888292e-01 -2.406542689131e-01 -6.877746582000e-01
-9.998079635387e-01 1.894806333852e-02 5.000693991088e-03 -2.004781336873e+01 9.363475315801e-03 2.377327820072e-01 9.712854625130e-01 9.860329928389e+01 1.721514956901e-02 9.711457641646e-01 -2.378645483684e-01 -6.757049560500e-01
-9.997994444690e-01 1.993154626291e-02 1.950462286245e-03 -2.017747263983e+01 6.539781434025e-03 2.328809751720e-01 9.724832557231e-01 9.910584841156e+01 1.892886944210e-02 9.723009744243e-01 -2.329646175606e-01 -6.668014526300e-01
-9.997636466649e-01 2.172916243728e-02 7.030698105024e-04 -2.030880959285e+01 5.586737407695e-03 2.255250916442e-01 9.742213410740e-01 9.963609938184e+01 2.101045388662e-02 9.739950084773e-01 -2.255931831612e-01 -6.596527099600e-01
-9.997051327212e-01 2.428043180091e-02 3.290021065787e-04 -2.041887559253e+01 5.584410955697e-03 2.167006419690e-01 9.762221294995e-01 1.000990557745e+02 2.363179987015e-02 9.759361108197e-01 -2.167723359497e-01 -6.549682617200e-01
-9.996616254920e-01 2.600918860303e-02 3.957612663701e-04 -2.053258653276e+01 5.712128694809e-03 2.046514248204e-01 9.788182496791e-01 1.005883416389e+02 2.537727535694e-02 9.784893031746e-01 -2.047307438277e-01 -6.444396972600e-01
-9.996484047087e-01 2.649831956337e-02 9.518527387913e-04 -2.062615958822e+01 6.027952941169e-03 1.921531755812e-01 9.813464326615e-01 1.010132168005e+02 2.582112984859e-02 9.810071336001e-01 -1.922453460528e-01 -6.375274658200e-01
-9.996610285057e-01 2.600461821486e-02 1.260126317409e-03 -2.071785872232e+01 5.833088301638e-03 1.765378055496e-01 9.842765761170e-01 1.014650037503e+02 2.537327664496e-02 9.839502848433e-01 -1.766296515001e-01 -6.279602050700e-01
-9.997114620746e-01 2.385094726637e-02 2.850422967687e-03 -2.079266880767e+01 6.625184845818e-03 1.597214127400e-01 9.871398975009e-01 1.018676817990e+02 2.308894805651e-02 9.868739547819e-01 -1.598333439893e-01 -6.253967285100e-01
-9.997921907188e-01 1.999973414358e-02 3.947912358135e-03 -2.085983314400e+01 6.709706121726e-03 1.399695188251e-01 9.901330787544e-01 1.022654341212e+02 1.924981094872e-02 9.899538092427e-01 -1.400746241986e-01 -6.204910278300e-01
-9.998560985415e-01 1.557090554796e-02 6.732689646386e-03 -2.092115861771e+01 8.474983247085e-03 1.146843943708e-01 9.933658260413e-01 1.026971754995e+02 1.469547101727e-02 9.932799386820e-01 -1.147998542829e-01 -6.208953857400e-01
-9.998677878003e-01 1.345987223457e-02 9.123527759722e-03 -2.096643792954e+01 1.028500279179e-02 8.891116300918e-02 9.959864576438e-01 1.030859276429e+02 1.259466700338e-02 9.959486115919e-01 -8.903784269225e-02 -6.137695312500e-01
-9.998500610508e-01 1.264075228450e-02 1.183498197753e-02 -2.100296331022e+01 1.254377705689e-02 5.754888467404e-02 9.982638827133e-01 1.035053159557e+02 1.193771644300e-02 9.982626594511e-01 -5.769881863323e-02 -6.109008789000e-01
-9.998347108942e-01 1.141745119154e-02 1.414894693847e-02 -2.102404871315e+01 1.444861722222e-02 2.660560356075e-02 9.995415845874e-01 1.038832075140e+02 1.103577598290e-02 9.995808039711e-01 -2.676617232624e-02 -6.053466796800e-01
-9.998087045391e-01 9.731255585315e-03 1.696634882937e-02 -2.103317879420e+01 1.685737208056e-02 -1.117341699957e-02 9.997954709635e-01 1.042934094062e+02 9.918837351417e-03 9.998902226831e-01 1.100723617940e-02 -5.993881225600e-01
-9.997560035619e-01 9.243287179555e-03 2.006227763813e-02 -2.102806779020e+01 1.959172644809e-02 -4.845764187701e-02 9.986330763591e-01 1.046637485097e+02 1.020282297682e-02 9.987824681010e-01 4.826472643110e-02 -5.903930664000e-01
-9.997143710591e-01 8.170220102041e-03 2.245938114493e-02 -2.100626558205e+01 2.161719294174e-02 -9.162717798596e-02 9.955587161105e-01 1.050645364416e+02 1.019182354875e-02 9.957598645044e-01 9.142438938783e-02 -5.860595703100e-01
-9.997353370674e-01 7.059249096188e-03 2.189572608639e-02 -2.097468004958e+01 2.076748935260e-02 -1.325564604094e-01 9.909578680195e-01 1.054244241691e+02 9.897838382282e-03 9.911503174625e-01 1.323747747474e-01 -5.805358886700e-01
-9.997899448869e-01 6.781666238448e-03 1.934102132997e-02 -2.093082219327e+01 1.784214551272e-02 -1.763917010635e-01 9.841583336229e-01 1.057794294637e+02 1.008582899712e-02 9.842966914498e-01 1.762336496090e-01 -5.792922973600e-01
-9.997917843711e-01 7.637015862379e-03 1.892257627409e-02 -2.086404773081e+01 1.671207612921e-02 -2.256443236538e-01 9.740663969742e-01 1.061639270014e+02 1.170873244986e-02 9.741798166620e-01 2.254697105885e-01 -5.764312744100e-01
-9.997795044458e-01 8.630060013828e-03 1.914326393996e-02 -2.078417737759e+01 1.609684091405e-02 -2.704502754241e-01 9.625993664218e-01 1.065066861887e+02 1.348459130657e-02 9.626952636152e-01 2.702517256377e-01 -5.755996704100e-01
-9.997641421019e-01 7.617273759322e-03 2.033807531887e-02 -2.068010500981e+01 1.682161905947e-02 -3.207196803071e-01 9.470247725355e-01 1.068755931784e+02 1.373656796359e-02 9.471435286186e-01 3.205159011600e-01 -5.753860473600e-01
-9.997823609584e-01 5.396159250575e-03 2.015222523221e-02 -2.056923482846e+01 1.678692333405e-02 -3.654476292501e-01 9.306805195557e-01 1.072031549974e+02 1.238668323016e-02 9.308162609994e-01 3.652775086667e-01 -5.763854980400e-01
-9.998293123807e-01 2.186651681423e-03 1.834569864515e-02 -2.043115283351e+01 1.579361741878e-02 -4.140907763357e-01 9.100985609276e-01 1.075577862589e+02 9.586853142904e-03 9.102329633166e-01 4.139855610268e-01 -5.791778564400e-01
-9.999010776850e-01 -6.957842411217e-04 1.404815748525e-02 -2.029131563671e+01 1.280343308158e-02 -4.585112634658e-01 8.885963613341e-01 1.078771744403e+02 5.822967092993e-03 8.886883239692e-01 4.584748148972e-01 -5.850067138600e-01
-9.999681046198e-01 -2.396634553239e-03 7.618785064682e-03 -2.011848146201e+01 7.780908851695e-03 -5.075493635229e-01 8.615875469416e-01 1.082263349481e+02 1.801999024757e-03 8.616193473514e-01 5.075518230380e-01 -5.967330932600e-01
-9.999943381162e-01 -2.392674209564e-03 2.366188004429e-03 -1.994381759374e+01 3.293993263518e-03 -5.522445186510e-01 8.336756810825e-01 1.085375749809e+02 -6.879999457232e-04 8.336787551150e-01 5.522492733594e-01 -6.067047119100e-01
-9.999947380455e-01 -2.962784114292e-03 1.321284079626e-03 -1.975134327111e+01 2.825992652773e-03 -5.955937014147e-01 8.032808703067e-01 1.088388500651e+02 -1.592999326254e-03 8.032803774184e-01 5.955989402339e-01 -6.090240478500e-01
-9.999847080002e-01 -3.910388021961e-03 3.910579398992e-03 -1.951438517263e+01 5.507971472175e-03 -6.408082374353e-01 7.676812262166e-01 1.091575275310e+02 -4.959999796627e-04 7.676910261952e-01 6.408199765015e-01 -6.083374023400e-01
-9.999860272624e-01 -1.362310107379e-03 5.107777515278e-03 -1.928137924033e+01 4.667968680671e-03 -6.810278906241e-01 7.322425979554e-01 1.094399452000e+02 2.480997454759e-03 7.322562094672e-01 6.810247340210e-01 -6.097335815400e-01
-9.999818346011e-01 6.748982762800e-04 5.989572625334e-03 -1.900452891295e+01 3.646949919689e-03 -7.234306272733e-01 6.903874472202e-01 1.097393441196e+02 4.798981579539e-03 6.903967497282e-01 7.234150245472e-01 -6.119079589800e-01
-9.999696824636e-01 2.262621933580e-03 7.450818451425e-03 -1.873451882484e+01 3.127915368328e-03 -7.595432273901e-01 6.504493076876e-01 1.099978889935e+02 7.130939563549e-03 6.504528931966e-01 7.595131226207e-01 -6.109466552700e-01
-9.999280094677e-01 3.871159890037e-03 1.135737659459e-02 -1.841734228353e+01 3.762746860021e-03 -7.976197211734e-01 6.031489220179e-01 1.102684518355e+02 1.139375346728e-02 6.031482359390e-01 7.975477339104e-01 -6.077423095700e-01
-9.999160750271e-01 7.604593651609e-03 1.048871097293e-02 -1.811336355703e+01 -4.489623478576e-04 -8.294537488635e-01 5.585752204754e-01 1.105040065744e+02 1.294763821281e-02 5.585236330289e-01 8.293875511562e-01 -6.071090698200e-01
-9.999330430565e-01 1.016365640414e-02 5.532584585030e-03 -1.779264542193e+01 -5.874674217463e-03 -8.577674433833e-01 5.140043786531e-01 1.107263754811e+02 9.969834829659e-03 5.139374603590e-01 8.577697180673e-01 -6.128005981400e-01
-9.999587616251e-01 9.060110854342e-03 -6.240516793501e-04 -1.742061199760e+01 -8.311848647566e-03 -8.853558180262e-01 4.648397451372e-01 1.109553314219e+02 3.658991835385e-03 4.648257629246e-01 8.853946136612e-01 -6.262054443300e-01
-9.999615685988e-01 8.193836195520e-03 -3.118072121956e-03 -1.706273617793e+01 -8.743886802311e-03 -9.062686674266e-01 4.226116975244e-01 1.111487637158e+02 6.369999569209e-04 4.226227200344e-01 9.063054842280e-01 -6.318283081000e-01
-9.999943925007e-01 2.635961431000e-03 -2.065593029833e-03 -1.664740662766e+01 -3.223993091680e-03 -9.246305053704e-01 3.808517223369e-01 1.113414803296e+02 -9.059998760538e-04 3.808562461687e-01 9.246338188269e-01 -6.318664550700e-01
-9.999911199348e-01 -4.146109964221e-03 -7.548667223966e-04 -1.625045090320e+01 3.623983683704e-03 -9.374420116192e-01 3.481225956378e-01 1.114997544521e+02 -2.150998341292e-03 3.481167686617e-01 9.374487125079e-01 -6.318969726500e-01
-9.999577571545e-01 -8.991428151542e-03 -1.907387321240e-03 -1.579611493961e+01 7.923831113580e-03 -9.484424871737e-01 3.168502192271e-01 1.116654227879e+02 -4.657983155942e-03 3.168217207573e-01 9.484736688223e-01 -6.348724365200e-01
-9.999807346589e-01 -6.119390316087e-03 -1.040852147402e-03 -1.536571233231e+01 5.552950096248e-03 -9.568397856287e-01 2.905628836986e-01 1.118127485369e+02 -2.773996442311e-03 2.905515061055e-01 9.568553324529e-01 -6.298675537100e-01
-9.999975912649e-01 1.947297320296e-03 1.012668497789e-03 -1.491638979688e+01 -1.606997512493e-03 -9.638334452811e-01 2.665004827697e-01 1.119552926887e+02 1.494999443106e-03 2.664982134849e-01 9.638342529637e-01 -6.259841918900e-01
-9.999580856598e-01 8.501098342208e-03 3.399742717172e-03 -1.440132639429e+01 -7.427825271326e-03 -9.703417329861e-01 2.416231541828e-01 1.121024010354e+02 5.352974435350e-03 2.415877740128e-01 9.703642064257e-01 -6.218872070300e-01
-9.999570514411e-01 6.404223994803e-03 6.699342366965e-03 -1.391156344127e+01 -4.773831230552e-03 -9.754947440222e-01 2.199709410818e-01 1.122235933444e+02 7.943916446416e-03 2.199295121171e-01 9.754834206133e-01 -6.154403686500e-01
-9.999702532398e-01 -4.756503969829e-04 7.698466877252e-03 -1.340250315517e+01 2.008942941512e-03 -9.797091432679e-01 2.004144674056e-01 1.123312504911e+02 7.446931167807e-03 2.004239715052e-01 9.796809556495e-01 -6.118087768500e-01
-9.999619717329e-01 -6.085223927295e-03 6.247010302579e-03 -1.281901363982e+01 7.117849526009e-03 -9.833742199398e-01 1.814510396110e-01 1.124406066388e+02 5.038978675381e-03 1.814886046218e-01 9.833801376306e-01 -6.130447387700e-01
-9.999641398877e-01 -8.412160685625e-03 9.769806726466e-04 -1.226951025857e+01 8.456898346842e-03 -9.858138962734e-01 1.676288840998e-01 1.125427570376e+02 -4.469999851142e-04 1.676311351355e-01 9.858496856642e-01 -6.272048950200e-01
-9.999707610799e-01 -5.977253307480e-03 -4.769636073443e-03 -1.164195080823e+01 5.161894917146e-03 -9.877936579257e-01 1.556825109082e-01 1.126536790337e+02 -5.641970067203e-03 1.556533385594e-01 9.877956298593e-01 -6.418228149400e-01
-9.999549953157e-01 -7.977170229317e-03 -5.135377132631e-03 -1.105159525515e+01 7.121799889789e-03 -9.887813953187e-01 1.491999739877e-01 1.127453135406e+02 -6.267958957400e-03 1.491566861617e-01 9.887937073342e-01 -6.461105346600e-01
-9.999171112788e-01 -1.287434592848e-02 -1.476100256099e-04 -1.044057133561e+01 1.271463127397e-02 -9.891876262343e-01 1.461033136396e-01 1.128297256003e+02 -2.026998611935e-03 1.460893265158e-01 9.892693262984e-01 -6.414871215800e-01
-9.998799514867e-01 -1.542912416826e-02 1.422934411016e-03 -9.751819621422e+00 1.547137715622e-02 -9.891365697869e-01 1.461830455257e-01 1.129278517268e+02 -8.479998983666e-04 1.461875112234e-01 9.892565352114e-01 -6.412506103500e-01
-9.998872168551e-01 -1.485543109829e-02 2.206747990419e-03 -9.108746920130e+00 1.501843536489e-02 -9.889069000813e-01 1.477754701254e-01 1.130231640860e+02 -1.299999999963e-05 1.477919454452e-01 9.890184733828e-01 -6.430969238200e-01
-9.999450510463e-01 -1.037644734227e-02 1.491384753238e-03 -8.384506740258e+00 1.048280796968e-02 -9.887309232797e-01 1.493361044344e-01 1.131359827928e+02 -7.499999992969e-05 1.493435324716e-01 9.887853678549e-01 -6.459960937500e-01
-9.999469864296e-01 -1.029060120011e-02 -3.575714000797e-04 -7.710373625392e+00 1.011980897641e-02 -9.885763020820e-01 1.503811305592e-01 1.132367451368e+02 -1.900998855028e-03 1.503695397642e-01 9.886280330410e-01 -6.539306640600e-01
-9.999509777577e-01 -9.851408169123e-03 -9.959108531967e-04 -7.022007166408e+00 9.587823778604e-03 -9.884716733257e-01 1.511020339634e-01 1.133394659627e+02 -2.472997479301e-03 1.510850779852e-01 9.885176697934e-01 -6.588516235300e-01
-9.999539432924e-01 -9.578673005229e-03 -6.002644944205e-04 -6.249301364995e+00 9.376842957283e-03 -9.883882002080e-01 1.516602799211e-01 1.134552910314e+02 -2.045998572535e-03 1.516476663620e-01 9.884324960142e-01 -6.593933105400e-01
-9.999676338975e-01 -8.029007980963e-03 5.159343006493e-04 -5.533107051393e+00 8.013912181145e-03 -9.883002836229e-01 1.523099688219e-01 1.135689619193e+02 -7.129999395888e-04 1.523091737940e-01 9.883326399595e-01 -6.553115844700e-01
-9.999598488216e-01 -8.710855788822e-03 2.102792452482e-03 -4.733148527681e+00 8.929878822003e-03 -9.882168532203e-01 1.527995689640e-01 1.136943680104e+02 7.469999305279e-04 1.528122115630e-01 9.882549620358e-01 -6.493453979500e-01
-9.999484546298e-01 -9.192787593138e-03 4.310538219258e-03 -3.996860834537e+00 9.741806034066e-03 -9.883021113781e-01 1.521973516875e-01 1.138086577435e+02 2.860996096968e-03 1.522314990459e-01 9.883407233336e-01 -6.428298950200e-01
-9.999612700972e-01 -6.911371972244e-03 5.448967151884e-03 -3.255961778690e+00 7.654853045487e-03 -9.885095879259e-01 1.509642269000e-01 1.139226158476e+02 4.342986347323e-03 1.510000911129e-01 9.885242085824e-01 -6.379470825200e-01
-9.999673200571e-01 -5.129386169948e-03 6.248857123528e-03 -2.432987124659e+00 6.004875935775e-03 -9.887758310837e-01 1.492859582468e-01 1.140460873987e+02 5.412973566042e-03 1.493186032019e-01 9.887743192736e-01 -6.366500854500e-01
-9.999350787597e-01 -6.874281785025e-03 9.087492276230e-03 -1.675253688707e+00 8.142651322662e-03 -9.889756202710e-01 1.478543869458e-01 1.141568166208e+02 7.970915591575e-03 1.479187843366e-01 9.889673896267e-01 -6.362152099600e-01
-9.998984793498e-01 -9.399969029489e-03 1.070848150808e-02 -8.326912496705e-01 1.086732453591e-02 -9.891598721947e-01 1.464399142898e-01 1.142778806225e+02 9.215869540922e-03 1.465414201583e-01 9.891616045554e-01 -6.359634399400e-01
-9.999137779132e-01 -4.893779470680e-03 1.218555135170e-02 -5.877116101328e-02 6.604526546476e-03 -9.894721319086e-01 1.445727512547e-01 1.143928830437e+02 1.134975631234e-02 1.446407656878e-01 9.894191386530e-01 -6.342163085900e-01
